470378313 4.27769
470361674 4.93357
470340901 4.25606
470311721 4.12357
470324037 4.75248
470345034 5.04365
470358086 5.06637
470357829 5.1315
470377030 4.26007
470340165 4.80725
470345541 4.55985
470372934 4.6801
470378565 4.56522
470312489 4.18093
470345766 4.42015
470361925 4.7542
470328901 5.19341
470324037 4.25
470362181 4.30307
470444168 4.02899
470389062 4.4843
470340933 5.19268
470344997 4.90922
470443920 5.10739
470311717 4.60534
470340422 5.03316
470378309 5.63289
470340166 4.27178
470345765 4.42059
470328393 4.05603
470312745 5.30759
470393158 4.03401
470328362 4.71564
470377285 4.62603
470328869 4.26159
470312741 4.37926
470376774 4.56936
470357830 4.83684
470358086 4.28971
470308678 5.05344
470377541 4.79785
470361157 4.07815
470344742 4.80165
470311498 5.64307
402664598 4.64028
369173980 4.45817
402676998 5.16463
470131852 4.23088
470066502 4.22271
470313092 4.10213
402674481 4.49241
402664730 4.44575
402674826 4.16546
402667316 4.73077
402668826 4.64013
369153736 4.30841
402677013 4.20251
369173720 4.42837
470082184 4.01719
470311497 4.04019
470311238 4.08333
470050956 4.13241
402665292 4.3228
470407044 5.09199
470067013 4.35706
402666797 4.13839
402676878 4.72545
369171004 4.34256
402667324 4.92707
470394252 4.15532
402664729 4.81034
470098792 4.02778
402666798 4.37619
470389124 4.76667
470050630 4.74497
402664598 5.13128
402675524 4.04975
470328138 4.07635
402672786 4.74462
402676381 4.00857
402675516 4.11618
470126980 4.92087
402666642 4.60976
402666262 4.24542
402674965 4.042
470376804 4.10499
470311556 4.16011
470323588 4.28859
402669200 5.17964
402665116 4.7271
470066761 4.42799
470050121 4.54239
402672777 4.34296
470115208 4.43713
402674830 4.36149
470344778 4.76098
369157576 4.48817
470311494 4.03155
470312522 4.72152
470308678 4.54819
369157304 4.09866
470377092 4.81655
470361732 4.55811
402672942 4.30219
402669344 4.7425
470110604 4.3759
402664597 5.62353
402676894 4.00427
470377348 4.63515
402677544 4.44345
402674957 4.4621
470390664 4.02839
369157724 4.12703
470311560 4.01579
402667304 4.48133
369170584 4.28289
402672817 4.72592
470357892 4.25297
402676913 4.0289
470094212 4.37313
402673316 4.23699
369154740 4.14595
402666785 4.15707
470406536 4.29534
369153652 4.04533
369171076 4.08399
369154328 4.23955
402666645 5.39141
402676869 4.16944
402668834 4.91899
470065738 4.78378
402664602 5.00438
402669352 5.69291
402675500 4.58333
402667272 4.28136
402672781 4.05263
470325317 4.52978
402677576 4.00148
402666761 4.3029
402674950 4.07716
369158488 4.32519
402672933 4.17076
402673472 4.33333
470062216 4.70533
369174940 4.1155
402674978 4.68134
402672802 4.26016
402668682 4.43548
470307142 4.3125
402664729 4.08285
402672786 4.0674
402666773 4.34499
369173772 4.10968
470098540 4.16962
402666665 4.57953
402665092 4.33087
470307684 4.22951
402664745 5.25314
402674982 4.1298
402667164 4.17509
402664614 4.92836
470325317 4.72758
470079332 4.77447
402667276 4.95851
402669220 5.43333
402673320 4.83287
402674465 4.09957
470062476 4.12594
369171116 4.26412
402672797 4.46434
470323844 4.29172
470390412 4.06262
470115720 4.46003
470308484 4.26715
402675480 4.6288
369158820 4.1947
369158876 4.06584
470049609 4.57792
470079108 4.05447
369153252 4.0615
470046533 4.29564
402669328 5.01635
402674994 5.16949
470050373 4.46988
402668686 4.12329
402677041 4.6676
470325348 4.1701
470078824 4.45609
369154228 4.02796
470050630 4.16596
369174140 4.04014
369153076 4.6491
470050117 5.32308
402666646 4.32699
369153192 4.00714
402677568 4.7945
402664729 5.22654
402666785 4.30087
402677536 4.82278
470356616 4.07263
402666774 4.04309
402668694 5.21556
402674978 4.21546
402674857 4.22617
470328208 4.13459
402665124 4.7289
470325062 4.2986
470145160 4.34725
402666790 5.21159
369158572 4.04738
402669372 4.03195
402668705 4.73792
470049861 5.11337
402664093 4.16598
470049928 4.07101
402668686 5.16026
402665096 4.6987
470345100 4.0213
470062476 4.15897
402672945 4.88632
402668822 4.2415
402675344 4.14021
402668722 4.50549
402677021 4.91327
470345348 4.16519
470049420 4.5318
402674982 4.10309
470066020 4.25251
402664602 5.24179
470078860 4.31154
402674961 5.61214
470377060 4.01768
369154636 4.29427
402672397 4.04978
470116492 4.06088
470328902 4.79076
402664086 4.18984
369153704 4.13213
470065993 4.1448
470307909 5.35432
369153156 4.2968
402674993 5.11482
402668833 4.22869
402674846 4.19889
470049098 4.53982
470356364 4.121
402674966 4.22155
402668834 4.17129
470393992 4.50958
369154364 4.2965
402664734 4.61409
369170564 4.27778
470324356 4.17045
470311312 4.12919
402664617 4.99139
470344808 4.22733
402664721 4.49565
470126984 4.49842
470339976 4.1873
470361704 4.10068
470344836 4.16408
402674985 5.31938
402668686 4.13715
470308996 4.77794
402674862 4.83232
470045284 4.52492
402668206 4.14883
470100100 4.52788
470324328 4.15134
470079045 5.58967
470078022 4.99836
470050602 4.03903
470115142 4.15722
470081829 4.31831
470066218 4.22046
470050853 4.0308
470112326 5.05749
470164100 4.43556
470066474 4.98811
470062886 4.11507
470127976 4.22599
470100037 4.17314
470115397 4.4393
470079046 4.43662
470126917 4.29504
470078758 4.65402
470065449 4.04427
470111302 4.14981
470065478 4.23067
470099274 4.28588
470144900 4.0486
470065449 4.35079
470083370 4.15591
470099270 4.26466
470114886 4.68127
470099530 4.83426
470078533 4.73777
470062405 4.21842
470050597 4.59826
470066986 4.26115
470115909 4.41103
470099274 4.70112
470115910 4.61504
470067013 5.01361
470050858 4.34566
470077765 5.04676
470147728 4.22167
470180232 4.91203
470127686 4.48195
